image: lidar_export_18_22_55.pgm
resolution: 0.05000000074505806
origin: [-25.60002326965332, -25.60002326965332, 0.0]
negate: 0
occupied_thresh: 0.65
free_thresh: 0.196